[gd_scene load_steps=6 format=2]

[ext_resource path="res://logic/RoomDoor/RoomDoor.gd" type="Script" id=1]
[ext_resource path="res://levels/tiles/Textures/nether reich syle concept.png" type="Texture" id=2]
[ext_resource path="res://statics/HighHouse/HouseRowGeneric.tscn" type="PackedScene" id=3]

[sub_resource type="PlaneMesh" id=1]

[sub_resource type="SpatialMaterial" id=2]
albedo_texture = ExtResource( 2 )

[node name="RoomDoor" type="Spatial"]
script = ExtResource( 1 )

[node name="ActiveStatics" type="Spatial" parent="."]
visible = false

[node name="CSGMesh" type="CSGMesh" parent="ActiveStatics"]
transform = Transform( 10, 0, 0, 0, 1, 0, 0, 0, 10, 0, 0, -0.786578 )
mesh = SubResource( 1 )
material = SubResource( 2 )

[node name="CSGMesh2" type="CSGMesh" parent="ActiveStatics"]
transform = Transform( 10, 0, 0, 0, 1, 0, 0, 0, 10, 0, 0, -19.7278 )
mesh = SubResource( 1 )
material = SubResource( 2 )

[node name="HouseRowGeneric2" parent="ActiveStatics" instance=ExtResource( 3 )]
transform = Transform( -0.990384, 0, -0.138343, 0, 1, 0, 0.138343, 0, -0.990384, 6.37844, 0, 6.83584 )

[node name="HouseRowGeneric3" parent="ActiveStatics" instance=ExtResource( 3 )]
transform = Transform( -0.991319, 0, 0.131478, 0, 1, 0, -0.131478, 0, -0.991319, -6.42479, 0, 6.83584 )

[node name="HouseRowGeneric4" parent="ActiveStatics" instance=ExtResource( 3 )]
transform = Transform( -0.998763, 0, 0.0497215, 0, 1, 0, -0.0497215, 0, -0.998763, 5.17479, 0, -9.91734 )

[node name="HouseRowGeneric5" parent="ActiveStatics" instance=ExtResource( 3 )]
transform = Transform( -0.998679, 0, -0.0513772, 0, 1, 0, 0.0513772, 0, -0.998679, -5.20055, 0, -9.91734 )

[node name="InactiveStatics" type="Spatial" parent="."]
visible = false

[node name="HouseRowGeneric" parent="InactiveStatics" instance=ExtResource( 3 )]
transform = Transform( 0.0587139, 0, -0.998275, 0, 1, 0, 0.998275, 0, 0.0587139, 6.25272, 0, 3.41223 )
